16 14  3  2    9 11  8 12    4  0  0 13   10 15  1  7
13  1  9  6    5  2 14  7   15 10  8  3   11 16 12  4
11  4 15  8   10  3 16  6    7  2 12  1    9 14  0  0
10 12  5  7    1 13  4 15   11 14  9 16    2  6  8  3 

 0  0  0  0    0  0  0  0    0  0  0  0    0  0  0  0 
 0  0  0  0    0  0  0  0    0  0  0  0    0  0  0  0 
 0  0  0  0    0  0  0  0    0  0  0  0    0  0  0  0 
 0  0  0  0    0  0  0  0    0  0  0  0    0  0  0  0 

 0  0  0  0    0  0  0  0    0  0  0  0    0  0  0  0 
 0  0  0  0    0  0  0  0    0  0  0  0    0  0  0  0 
 0  0  0  0    0  0  0  0    0  0  0  0    0  0  0  0 
 0  0  0  0    0  0  0  0    0  0  0  0    0  0  0  0 

 0  0  0  0    0  0  0  0    0  0  0  0    0  0  0  0 
 0  0  0  0    0  0  0  0    0  0  0  0    0  0  0  0 
 0  0  0  0    0  0  0  0    0  0  0  0    0  0  0  0 
 0  0  0  0    0  0  0  0    0  0  0  0    0  0  0  0 