    1    8    0    0    6    4    0    0    2
    0    0    5    7    0    0    1    0    6
    0    0    0    1    9    0    0    5    0
    0    2    0    9    0    0    8    3    0
    0    9    8    0    0    2    0    0    0
    0    0    0    0    8    6    3    0    7
    3    0    0    4    0    0    0    0    0
    0    3    6    0    1    0    0    7    4
    4    0    3    0    5    0    2    0    1


block : 
    1    2    2    2    8    8    9    9    9
    1    1    2    2    8    9    9    9    9
    1    1    2    2    8    8    7    9    9
    1    1    2    2    8    8    7    7    7
    1    1    3    4    8    8    5    7    7
    3    3    3    4    5    5    5    7    7
    3    3    3    4    5    5    5    6    7
    3    3    4    4    5    6    6    6    6
    4    4    4    4    5    6    6    6    6

{{0, 9, 10, 18, 19, 27, 28, 36, 37},
{1, 2, 3, 11, 12, 20, 21, 29, 30},
{38, 45, 46, 47, 54, 55, 56, 63, 64},
{39, 48, 57, 65, 66, 72, 73, 74, 75},
{4, 5, 13, 22, 23, 31, 32, 40, 41},
{6, 7, 8, 14, 15, 16, 17, 25, 26},
{24, 33, 34, 35, 43, 44, 52, 53, 62},
{42, 49, 50, 51, 58, 59, 60, 67, 76},
{61, 68, 69, 70, 71, 77, 78, 79, 80}}