    0    0    2    4    6    5    0    0    0
    9    0    1    2    7    6    0    4    0
    0    5    3    1    0    2    0    0    0
    0    0    0    0    5    0    0    9    0
    0    6    0    0    0    0    0    0    0
    2    8    0    0    0    0    9    0    5
    0    0    4    0    0    1    0    7    0
    0    0    7    3    4    9    1    0    0
    1    0    0    0    0    0    0    3    0

これはMakeで-1だった（解けていた）ものから数字を抜いていったときに解けなくなった例
つまりMakeで出された問題が不良であることがあるということ